0,273
0,270
3,2
3,1
3,3
10,219
10,261
10,163
10,201
10,93
10,155
10,19
11,7
11,9
11,29
11,19
11,21
41,5
41,4
41,3
41,2
41,1
41,0
39,5
8,8
8,12
39,4
39,3
8,7
8,2
39,2
8,3
39,1
39,0
36,8
36,7
36,6
36,5
36,4
36,3
36,2
36,1
36,0
33,4
33,3
33,2
33,1
33,0
32,3
32,2
32,1
32,0
31,3
31,2
31,1
31,0
29,4
29,3
29,2
29,1
25,3
25,1
20,3
20,2
20,1
19,3
19,2
19,1
12,3
12,2
12,1
11,28
11,27
11,23
11,18
11,17
11,16
11,14
11,13
11,10
11,6
11,5
11,4
11,3
11,2
11,1
10,311
10,294
10,264
10,223
10,211
18,1
18,3
14,1
14,3
10,173
13,1
13,3
10,169
10,168
10,166
2,2
2,1
10,158
10,143
10,131
2,3
